-0.0296 0.4292 -22.3927 22.3973
-0.7977 -0.0415 -39.8834 39.8916
-0.1986 0.4474 -1109.0391 1109.0392
2.2042 1.4346 -9.9881 10.3295
0.3752 -0.299 0.4868 0.6975
-9.4654 28.6012 -37.5975 48.179
0.5603 -0.2599 -45.0476 45.0521
1.6334 0.4146 281.0223 281.0278
0.5781 0.5838 1831.4142 1831.4144
0.7957 0.855 13217.5843 13217.5844
-0.3527 -0.9482 -1.7896 2.0605
-0.8409 0.7554 -4.0804 4.2364
2.1587 2.0807 4.0526 5.043
-1.0452 -0.6697 0.6197 1.3945
0.633 -1.5111 -0.9873 1.918
0.6863 -0.9571 0.0771 1.1885
-0.0507 -0.3119 -0.3953 0.525
0.0532 -0.4301 -0.6295 1.2101
0.9611 -1.0858 -0.8234 1.6734
0.9132 0.0802 -2.1351 2.3278
0.704 -0.3744 -2.7614 2.8776
-0.0031 -0.3156 -0.0926 0.3573
-0.2978 0.79 -1.3261 1.6477
-2.9858 8.5858 -11.6133 14.7485
-1.5181 3.5513 -5.1039 6.4689
0.5421 0.0829 -163.0606 163.0616
0.9362 -0.1044 -661.5475 661.5481
0.3036 0.11 -88.0655 88.0662
1.3171 1.639 -4.8809 5.3164
20.2168 16.8723 -55.1105 61.0785
18.0331 19.9874 -57.8488 63.8059
5.445 6.9474 -18.1015 20.145
0.6786 0.2923 -2.6229 2.7286
0.7087 0.9076 -4.2741 4.4287
-0.6133 2.1478 -4.8406 5.333
-0.3896 0.49 -0.6548 0.9166
-6.674 14.5665 -29.597 33.656
-7.5504 15.6142 -30.3906 34.9917
-0.1786 0.4916 514.3998 514.4001
-1.0583 0.8255 34.413 34.4395
-0.8549 -1.1652 56.515 56.5413
-0.9905 -1.0308 62.5536 62.577
-0.9131 -0.2716 5.7011 5.8012
-2.6634 1.4006 37.0835 37.2221
-0.7888 1.1286 19.9258 19.9954
-0.9199 0.7421 23.4605 23.4907
-0.7162 0.8762 6.4277 6.5281
-0.5326 -0.1462 1.3538 1.4688
-0.4048 0.6776 9.527 9.5606
-0.2983 0.4248 2.4005 2.4599
16.6414 13.6526 -42.7505 47.8663
7.4308 5.1274 -18.0356 20.1696
8.4915 5.4038 -20.8376 23.1416
69.0085 54.8471 -194.1112 213.1924
1.5097 1.2172 -3.5566 4.0534
-11.3438 17.0049 -21.3167 29.5342
0.12 1.1073 -2.1775 2.4498
0.2638 1.0661 -4.6755 4.8048
0.6775 0.2865 -4.004 4.0734
0.1455 0.7467 -1.7403 1.9045
-0.6622 1.0493 -2.6126 2.8957
0.9583 -0.8759 -3.7041 3.9275
0.6757 -0.2458 -1.3716 1.555
-0.278 -0.1397 -0.9246 0.9855
-0.6287 -0.4156 1.1036 1.3437
-2.4408 -1.5701 15.4671 15.7376
-0.4018 -0.135 1.6518 1.7111
-1.6062 -2.1481 11.9074 12.2066
-1.2117 -0.0906 4.671 5.0042
-1.2169 -0.8121 5.4701 5.7877
0.0155 0.5424 0.8622 1.0283
-0.7484 1.8435 5.1369 5.5106
-1.0308 -2.7284 -113.0098 113.0514
-1.7032 -1.0511 -84.2798 84.3088
-0.3433 -0.8987 -39.7997 39.8116
0.0822 -0.4471 -10.699 10.7096
0.23 -1.1418 -34.101 34.1212
0.9484 -0.5532 -11.4952 11.5483
4.4863 -1.2874 -36.7624 37.0578
0.5938 0.9312 -15.6243 15.6711
-0.2809 0.5306 -9.456 9.476
0.0079 0.5014 -9.4298 9.4898
0.8103 -0.1344 13.9994 14.0242
3.7158 -0.5505 66.0312 66.1381
-0.4971 1.0314 1.1501 1.6288
0.9696 0.7025 55.8548 55.8678
1.3165 0.8566 59.3178 59.3388
1.8058 0.1136 59.4308 59.4658
1.7105 0.6165 8.158 8.3593
-0.5214 -0.3857 39.5244 39.5329
-0.9777 0.1158 114.291 114.2953
-2.1289 1.5233 371.2368 371.246
-2.4503 2.5813 1041.37 1041.3765
0.1875 0.278 21.8959 21.8989
-0.3352 -0.1805 5.7277 5.7421
-50.3266 -17.132 1770.6069 1771.4053
-41.8361 -14.6115 1466.8016 1467.4713
-0.7691 0.7207 232.6693 232.6717
-2.2619 -1.3551 591.3123 591.3182
-0.3036 0.2595 84.6988 84.6998
-4.6591 -1.5942 900.4103 900.4237
-0.5648 -0.244 163.1845 163.1884
0.2684 0.4922 34.134 34.1389
0.3765 0.315 5.1031 5.1285
1.9431 -0.6313 8.2036 8.4553
0.3537 -0.2551 11.9665 12.0113
-0.4592 0.1236 5.9519 5.9725
-0.2864 0.5879 2719.4303 2719.4304
0.453 -0.4251 1671.5479 1671.548
0.4959 -0.5214 567.9584 567.9597
1.7075 -0.1606 578.3094 578.3127
0.5601 -0.4159 134.5571 134.5598
-3.5547 0.4892 -3.3581 4.9392
-0.601 0.2615 -0.7685 1.0196
-0.6993 -0.9932 -2.2327 2.5456
-1.5888 -2.5182 -5.2084 6.0011
-21.8918 -27.7332 -61.3603 70.8076
-7.0261 -8.3276 -19.3615 22.2172
-0.9434 -0.8513 -2.397 2.7166
-2.2401 -3.53 -7.7782 8.8318
-1.9068 -2.3023 -4.1508 5.1171
-17.9398 -30.7908 -38.4863 52.4594
-9.1762 -15.9021 -20.2541 27.3531
-33.3147 -53.7806 -66.5235 91.8034
-2.6941 -4.1769 -5.2732 7.2479
-6.1058 -10.179 -12.5706 17.2897
-20.1629 -33.0876 -40.3246 55.9311
0.0769 -1.0766 -1.0526 1.5142
-0.3145 -0.7138 -0.5995 0.9937
-0.1873 -1.0062 -4.7639 4.8746
-0.6352 -2.7461 -10.9671 11.3244
-0.2747 0.3325 -2.0195 2.2682
-0.1873 -0.2501 -4.4789 4.4919
-1.0455 0.2411 -4.8495 5.0549
-0.6196 0.5058 -10.0499 10.1254
-1.2786 -0.1131 -35.2035 35.2303
-0.6283 -0.6041 -1294.6509 1294.6515
-0.037 -0.8567 -1124.1518 1124.1525
-0.1401 -0.4863 -3.8083 3.955
5.6174 -0.4601 1226.8061 1226.8191
0.5008 -0.2276 -51.9199 51.923
0.2227 -0.4645 1.6423 1.7269
0.0457 -0.4655 25.9028 25.9074
-0.3353 0.1194 79.0185 79.0195
-1.6249 2.013 1984.1389 1984.1406
0.1873 0.3054 155.0131 155.0164
-0.5704 0.028 37.1024 37.107
0.0504 0.7397 17.9139 17.9298
-0.491 -0.2149 -13.7177 13.7734
0.4421 -0.3407 -59.6892 59.6992
-0.4262 0.2811 -34.0189 34.0231
0.312 0.1749 -217.3596 217.362
0.142 0.4172 -4346.3863 4346.3863
-0.9261 0.4759 -8578.8581 8578.8582
0.7931 1.0752 -3.0918 3.371
13.0071 13.3733 -42.537 46.4483
0.5127 0.3491 3797.1276 3797.1277
2.939 1.1629 -7.0324 7.7262
-0.2865 -0.6347 0.3451 0.7897
-0.3527 0.2559 -0.0795 0.6633
-0.6217 -0.0419 0.2568 0.6883
2.0928 1.0208 262.7515 262.7623
1.0422 -0.0761 183.5658 183.5694
-0.8521 -1.6654 -0.3656 1.9113
0.5252 0.119 -0.9531 1.1036
-0.722 0.1604 -0.3892 0.8473
-3.118 -1.0529 2.7867 4.341
1.4955 -0.8071 0.2973 1.7309
1.1195 -1.8259 0.9006 2.3277
-0.8573 -1.5917 1.4058 2.2944
-0.3148 -0.4566 0.0147 0.5722
1.4423 -0.9582 -1.0361 2.2254
0.321 -0.0445 0.0422 0.3554
1.6602 0.4226 -0.3053 1.7457
-0.5168 1.3642 -1.8016 2.371
-0.2374 2.4031 -2.428 3.551
-0.8563 1.8342 -1.8411 2.7398
-3.346 7.0942 -9.5355 12.3479
-1.508 3.7226 -5.0133 6.4253
-0.0777 0.3372 -34.5972 34.5992
1.9822 1.0153 -4.8122 5.3255
1.7675 1.434 -5.1941 5.6726
57.0738 47.7609 -159.3762 175.8958
9.0952 11.1498 -30.9671 34.1471
8.481 10.042 -27.8153 30.7649
1.2518 1.217 -3.9951 4.3622
0.4628 1.7944 -3.7752 4.2078
0.0826 0.4155 -0.303 0.5393
0.9614 0.5062 -1.9401 2.228
-0.2851 1.4665 -2.6542 3.049
0.4879 -0.0937 919.7934 919.7936
0.1168 -0.5257 6.338 6.3624
-0.3618 0.0133 7.3491 7.3594
0.3414 -0.5198 16.2062 16.2188
-1.1663 -1.6237 96.6034 96.6242
-0.2826 0.5599 10.5943 10.6245
12.5784 10.5725 -34.1887 37.9356
2.8331 2.751 -8.608 9.4716
42.6273 33.0528 -120.0029 131.5732
16.6056 13.1829 -47.83 52.3189
-0.1641 1.6649 -1.3366 2.1459
-0.7073 3.0735 -2.0452 3.7912
-0.7048 1.278 -1.1385 1.8563
-0.4792 1.8046 -2.5992 3.2388
-1.3967 2.8201 -2.7038 4.1783
-1.3943 2.0927 -2.6738 3.6732
-2.1433 2.8689 -4.0782 5.4292
-5.1434 7.1432 -10.0146 13.3661
-1.5899 2.2259 -3.4192 4.381
-21.2203 30.4605 -40.0648 54.628
-3.356 5.0683 -6.848 9.1578
-0.9633 2.1114 -2.1248 3.1496
-0.878 1.6743 -2.2585 2.9871
0.8002 -1.0639 -10.5585 10.643
1.5466 -0.9618 -15.8517 15.9637
1.8384 -1.8859 -35.3529 35.4543
0.5194 -0.2837 -4.1326 4.1771
0.8405 -1.0162 -17.4226 17.473
-1.9247 5.9412 -10.3588 12.0966
-0.2827 0.7462 -1.5236 1.7256
0.2308 2.5855 -4.4982 5.1954
0.1496 -0.5802 -0.9888 1.1646
-0.4924 -0.3977 0.1807 0.6729
-0.8295 -0.0011 1.2893 1.5394
-0.2875 -0.1514 1.1495 1.2027
-1.7488 -0.3004 5.1578 5.4563
-0.4526 -0.1068 2.0403 2.0973
-0.8312 -1.1632 5.2176 5.4324
1.8318 5.3444 8.5506 10.2495
1.0359 1.2302 2.7746 3.2101
-0.8127 -0.6365 -141.5668 141.5736
-1.7966 -1.2556 -122.0504 122.0737
-0.0857 -0.6039 -8.7919 8.8141
0.1766 0.41 -2.3322 2.3787
5.6068 -2.2841 -49.7435 50.113
4.879 -2.6368 -49.2469 49.5584
3.2311 -0.3755 -24.3277 24.5492
1.4444 0.0329 -23.4324 23.4822
3.4991 -0.9372 -32.383 32.5852
0.1979 0.7263 -10.1995 10.2282
-0.7556 0.7192 -12.666 12.7434
2.6011 -0.0374 53.068 53.1401
0.8062 -0.3971 12.7359 12.7683
0.5433 -0.257 19.2851 19.3172
0.3819 0.0292 6.0273 6.0411
-0.0962 0.7592 2.9023 3.0419
-0.4695 0.4785 -0.0765 0.8384
1.9355 -0.5217 30.1647 30.2458
1.3591 0.8522 23.5251 23.5985
0.2346 0.2026 2.5632 2.5857
1.0242 0.162 4.5645 4.7739
0.4257 -0.2441 2.365 2.4194
3.9634 -0.2069 9.0172 9.853
-2.641 0.049 133.5387 133.5649
-0.4401 -0.3425 23.0489 23.0561
-0.8497 0.3358 516.4388 516.4405
-1.8937 -0.3854 586.4863 586.4902
-0.6474 -0.127 101.7181 101.7204
0.5594 -0.1859 6.1649 6.213
1.7683 0.1206 13.7431 13.8576
1.2776 0.2181 13.1846 13.2489
-0.7033 -0.8605 0.3918 1.1867
-0.347 -0.2458 -0.2451 0.5103
-0.2261 -1.0353 0.0268 1.0692
-0.3789 -0.0495 26.2129 26.2325
0.231 -0.1926 6.7575 6.7657
0.2565 -0.2289 106.9408 106.9415
1.9727 -0.0297 310.6678 310.6741
-3.5502 2.1544 -3.0565 5.1582
-0.3256 0.303 -0.1607 0.4931
-0.9945 -0.0946 -1.6476 1.99
-0.3229 0.0835 -0.2256 0.4262
-3.4337 -0.7815 -3.3772 4.8812
-0.6443 0.0114 -0.3068 0.7272
-3.0823 -3.5963 -6.9463 8.4086
-1.6691 -2.1899 -4.9552 5.6706
-9.1818 -11.2585 -24.683 28.6454
-6.8101 -7.713 -17.6655 20.4441
-7.6983 -10.0368 -22.6253 25.9215
-3.3169 -4.5112 -9.1126 10.6964
-2.9506 -4.135 -7.4582 9.0249
-0.6034 -0.5603 -1.8363 2.0173
-20.8656 -33.5154 -42.48 57.9933
-13.5175 -22.5732 -27.5045 38.063
-45.1651 -74.4068 -92.4413 126.9712
-28.2877 -45.6017 -56.1516 77.6762
-11.3507 -18.6521 -23.0585 31.7562
-2.7683 -4.4216 -4.554 6.9262
-0.368 -0.8148 -1.0638 1.3966
-5.7203 -10.412 -12.0094 16.8931
0.1319 -1.7458 -1.3369 2.2073
0.0681 -2.3178 -9.8415 10.1119
-0.2415 -1.1953 -5.4174 5.5547
-0.0951 -0.4844 -4.9286 4.9552
-0.3272 -0.1038 -1.6917 1.7318
-0.2875 0.4972 -0.6262 0.8612
-0.9435 0.2853 -1.5322 1.8272
-0.5498 0.2156 -40.2681 40.2726
0.442 0.0955 -97.4754 97.4778
-0.384 -0.1271 -283.3892 283.3895
0.3245 0.0913 -259.6919 259.6922
-0.028 -0.4024 -277.5126 277.5129
-0.0788 -0.3091 -4.2245 4.3392
-0.2204 -0.4352 -3.686 3.7208
0.2108 -0.233 0.9369 1.1047
0.3138 0.5112 -1.6953 1.8037
0.4145 0.0887 0.8749 0.9821
-0.205 0.2584 0.2919 0.4621
-0.333 0.0118 -1.8694 1.904
0.5547 0.1989 -14.7677 14.7801
-0.559 -0.1382 -255.4436 255.4443
12.7705 14.0679 -40.5921 44.8214
-0.4711 1.7882 12.3714 12.5187
-0.1234 0.8244 -0.5121 1.0977
-2.2788 -0.2471 2.1193 3.1612
-0.8552 0.2432 1.7072 1.9881
5.3431 -2.9783 -50.2314 50.605
0.3963 1.3546 -34.7007 34.733
-1.6454 1.0907 -16.357 16.4832
-0.4391 0.7688 0.2957 1.0578
0.3289 0.6848 93.3398 93.3442
-31.508 -52.3519 -65.2196 89.3719
-0.5458 -0.0582 -14.9505 14.9689
-0.4805 1.1295 -12081.9367 12081.9368
-0.7686 -0.2599 0.1824 0.8432
-1.9389 0.0579 0.1093 1.9478
-3.9962 10.173 -13.5446 17.4051
-4.4276 10.836 -14.4611 18.6056
0.3625 -0.1711 -35.1073 35.1098
0.3391 -0.0401 533.4775 533.4776
-1.337 0.6747 -3.8061 4.0902
-0.7315 0.4771 -2.1224 2.2951
1.6508 1.3861 1.8485 2.8396
0.3059 0.0497 0.1403 0.3402
0.1904 -0.3085 0.0957 0.4001
0.1978 -0.7171 0.3077 0.805
0.3008 0.4886 0.2866 0.6564
0.064 -1.3815 -0.4062 1.4482
0.189 -0.8186 -0.0015 0.8517
-0.3604 1.5262 -1.8071 2.3927
-0.096 0.5784 -0.2568 0.6401
-0.0837 0.2966 -0.5955 0.6849
-0.183 0.7051 -0.7137 1.0294
-1.4448 3.62 -4.5614 5.9998
-0.3025 0.6783 -0.9497 1.2057
0.6844 0.8524 -225.1723 225.175
0.2831 0.2954 -75.8834 75.8847
1.265 0.994 -258.8722 258.8772
0.1447 0.3417 -32.909 32.9114
0.1348 0.3476 -59.6532 59.6546
0.5267 0.2781 -78.8297 78.8319
0.7631 0.5576 -139.0942 139.0974
0.8611 -0.1517 -117.427 117.4302
1.428 -0.4262 -205.1282 205.1336
7.9336 6.4605 -21.7164 24.0059
30.4885 25.1694 -83.9336 92.7787
24.7003 27.0601 -80.0293 88.0173
10.6986 11.703 -34.4242 37.9005
0.4641 -0.0255 -0.9724 1.0777
-0.1454 -0.3497 46.7344 46.736
0.4513 -0.1643 4.5791 4.6043
0.328 -0.5725 7.7638 7.7917
0.0368 -1.3773 21.9308 21.974
0.3149 -0.4009 19.4292 19.4359
-0.4759 -0.1076 10.3442 10.3557
-0.0168 -0.8785 34.1597 34.171
-0.6237 1.7989 8.5863 8.8087
-0.0868 0.2944 1.2645 1.3087
-1.3316 1.8606 15.2306 15.4015
-0.1346 -0.4386 3.1202 3.1568
5.8418 4.7384 -15.1861 16.9469
5.2888 4.1534 -13.4171 15.008
1.3424 0.9972 -3.5689 3.9413
3.9438 3.0918 -10.2452 11.4052
5.0404 4.4684 -14.0461 15.5778
3.8807 3.0344 -9.8062 10.9749
10.3032 8.0685 -27.3029 30.2775
3.4398 2.4741 -8.1818 9.2139
-1.049 1.8131 -3.0207 3.6759
-2.1364 3.0061 -3.9131 5.379
-1.0416 1.4868 -1.5574 2.3959
-3.3932 5.5921 -7.2929 9.7966
-2.0969 3.6481 -4.7545 6.3491
-0.5975 0.7841 -1.3659 1.6904
-1.3519 2.3391 -2.9333 3.9904
0.1773 -0.3981 -4.3473 4.3691
4.2583 -2.4571 -40.9575 41.2517
4.5191 -2.269 -41.3876 41.6956
1.507 -0.6635 -13.6149 13.7142
1.7355 -0.5974 -14.6466 14.7618
1.2683 -0.5062 -13.7199 13.7884
-2.1468 5.9198 -8.1954 10.3353
-2.3649 6.9179 -9.6027 12.0691
-1.0632 3.9199 -4.4339 6.013
-0.2254 1.0904 -1.1868 1.6273
-0.9586 2.3137 -3.0591 3.9535
-0.1802 0.3288 -0.408 0.5541
-0.5408 1.7983 -2.5244 3.1494
-0.3799 0.9609 -1.9184 2.1834
-0.6233 -1.081 0.4421 1.3312
-1.3206 0.1554 0.5861 1.8321
-2.7329 0.8445 2.103 3.7215
-0.4588 0.1942 2.3589 2.4109
-0.4285 0.0575 1.8153 1.8661
-0.8673 -0.8642 4.182 4.3575
-1.066 -0.6302 6.8153 6.9269
-0.8995 -0.4246 5.0537 5.1507
-1.0525 -0.0227 3.7425 3.8903
-0.4801 -0.216 1.2607 1.3733
0.1509 0.5927 1.2166 1.3688
0.2338 0.5477 1.0956 1.2548
0.0427 0.5936 1.0186 1.1879
0.3856 0.4595 1.3848 1.5156
0.5897 0.8391 1.3433 1.6958
-0.0281 0.4038 0.4067 0.5905
0.8812 -0.8332 -324.1805 324.1828
0.5991 -0.2559 -160.1136 160.115
0.3821 -0.2655 -91.8755 91.8766
0.4407 -0.509 -84.9782 84.9809
0.4294 -0.2175 -53.3905 53.3927
0.2235 -0.2335 -38.0847 38.0861
-0.243 -0.9212 -43.7245 43.7349
0.0176 0.3689 -1.991 2.025
1.5837 -0.1974 -15.0416 15.1267
1.1735 -0.0848 -8.5195 8.6015
0.2479 0.4891 -3.5791 3.6208
-0.1166 0.797 -9.1748 9.2101
0.4517 0.0027 7.4289 7.4439
-0.1124 -0.4437 8.9714 8.9831
0.3458 -0.0927 -0.2072 0.4137
0.8919 1.0921 50.3525 50.3722
0.7378 0.2655 14.5554 14.5771
1.7251 -0.7576 10.9724 11.133
0.2292 -0.104 1.4568 1.4784
0.4846 0.0721 1.5291 1.6057
0.5404 0.0173 1.3142 1.4211
0.7119 0.0299 1.7096 1.8574
-0.8898 -0.9232 71.5619 71.5751
-0.5123 -0.5664 44.1138 44.1231
-0.0718 0.3053 9.1706 9.177
-0.3913 0.5141 39.9968 40.002
-0.3849 0.548 33.8958 33.9024
-1.2489 0.4998 28.4342 28.4663
-0.3597 0.2113 13.3707 13.3779
-0.8995 0.1016 306.1774 306.1788
-6.1813 1.298 1734.3902 1734.4017
0.8749 0.6587 8.0783 8.1522
1.8157 -0.7599 8.1397 8.3754
0.6182 -0.4013 3.7809 3.8546
0.9064 -0.1127 3.8651 3.974
-0.4638 0.2308 403.1979 403.1983
0.4344 -0.2882 64.5434 64.5456
0.387 -0.1916 130.1192 130.12
-1.0075 0.8989 -1.4419 1.9804
-0.9083 0.3278 -1.026 1.4158
-1.6021 -2.6194 -5.1686 6.0136
-1.985 -2.5222 -5.9352 6.749
-17.7918 -21.6026 -48.8 56.2553
-13.0239 -15.9039 -35.6429 41.1458
-7.3492 -9.328 -21.0328 24.1542
-23.0577 -28.0263 -63.4486 73.095
-3.6244 -4.4132 -9.9226 11.4486
-2.6938 -3.1267 -7.0501 8.1693
-2.9 -4.9158 -6.0046 8.2856
-6.8608 -11.2764 -14.3318 19.4846
-2.846 -4.7373 -6.091 8.2245
-14.1693 -23.1285 -29.6199 40.1626
-6.6315 -10.5422 -13.4161 18.306
-22.896 -36.8709 -46.74 63.7834
-1.3484 -2.3163 -2.105 3.4109
-1.2202 -2.7096 -2.5172 3.8971
-0.2575 -0.4005 -0.4961 0.6876
-4.7045 -7.4167 -8.3359 12.109
-0.0586 -0.9508 -1.1397 1.492
-0.3377 -0.4691 -0.4033 0.7185
0.2982 -1.378 -3.3238 3.6105
0.0996 -0.4815 -0.9699 1.0875
0.0581 -0.6992 -1.2285 1.4216
-0.2265 -1.1148 -3.4965 3.6796
-0.1248 -0.3324 -3.0894 3.1129
0.4004 0.8395 -0.8683 1.2724
-0.0334 0.3235 -121.3722 121.3726
-0.5642 0.4345 -787.1249 787.1252
-0.3916 -0.0602 -0.1396 0.6512
0.3118 0.1051 6.0188 6.0294
0.6934 -0.137 -116.2397 116.2418
2.2291 0.2696 -498.2367 498.2418
-0.1806 0.4192 29.8303 29.8341
-0.3439 -0.1259 154.8104 154.8109
0.029 -0.4386 18.4543 18.46
-0.1927 -0.4847 0.4317 0.6913
0.3764 0.1315 -65.5848 65.586
-0.8047 -0.3966 0.4174 0.9896
0.1295 -0.4146 -16.2082 16.2141
0.5121 0.0818 55.899 55.9014
0.7625 0.1079 67.1252 67.1296
-0.4667 -0.203 -0.3643 0.6259
0.3742 -0.2562 0.1209 0.4694
0.2892 -1.0856 1.3906 1.7878
0.7381 -0.1519 -1.9204 2.063
0.9928 -0.2599 -2.2366 2.4608
-3.8377 7.4999 -10.0701 13.1295
-5.0459 10.187 -13.6668 17.7769
2.1968 2.7155 -338.9712 338.9892
52.2882 43.5037 -145.4999 160.614
236.4961 196.5159 -658.2526 726.5297
4.3108 4.5623 -13.409 14.8054
0.446 0.5038 -1.5306 1.672
-0.723 0.9722 -2.1663 2.4822
-0.6284 0.9958 -1.9119 2.2454
-0.0753 -0.3534 36.8877 36.8894
0.7922 0.7818 -2.5876 2.8168
2.0421 1.8162 -5.9663 6.5625
0.9612 0.6909 -2.2872 2.5754
7.2026 5.5482 -18.0537 20.2137
-0.5017 0.5024 -0.6028 0.9314
-1.3509 1.6493 -1.6764 2.7121
-0.7493 0.9489 -1.2664 1.7509
-0.7565 0.9237 -1.4503 1.8785
1.3063 -0.6277 -17.9978 18.0561
0.9003 -0.3673 -10.9648 11.0078
-0.1261 1.0646 -2.2357 2.4795
-0.0968 0.3897 -0.6969 0.8043
0.1567 -0.3868 -2.1776 2.2172
-0.4041 0.0742 0.5941 0.7224
-0.767 -1.2415 7.7165 7.8533
-0.111 -0.4487 -47.2888 47.2911
-0.7462 -0.1092 -13.4813 13.5024
0.7607 0.0076 -5.6191 5.6704
1.2596 -0.1347 -10.0726 10.152
0.276 0.1463 3.247 3.262
0.3883 0.2148 6.6183 6.6332
2.058 -0.2857 19.6926 19.802
-0.2838 0.135 17.6408 17.6436
0.38 0.3228 8.3514 8.3662
0.2994 -0.0176 1.0227 1.0658
0.4311 0.2372 50.9749 50.9773
0.3114 -0.3877 155.4745 155.4753
0.3596 -0.2478 137.2809 137.2816
-0.5533 -0.3388 -1.4674 1.6045
-0.2925 -0.0958 -0.5613 0.6402
-2.8554 -3.0457 -6.718 7.9095
-5.2486 -5.6922 -12.7885 14.9498
-13.6064 -16.6906 -36.0665 42.0061
-2.2212 -2.7998 -5.9319 6.9254
-0.7383 -0.6452 -1.7341 1.9921
-0.1764 -0.4082 -0.7609 0.8813
-22.52 -36.2893 -44.5717 61.7309
-13.766 -22.1324 -27.3487 37.7796
-8.1286 -13.1586 -16.4569 22.5844
-24.6879 -39.839 -49.5398 68.197
-0.6172 -0.8098 -1.1331 1.5234
-1.0776 -1.6343 -2.3794 3.0812
-0.0868 -1.1149 -1.3892 1.7834
-0.2204 -1.1638 -1.3932 1.8287
0.1929 -0.3089 -2.4413 2.4683
0.357 -0.5383 -3.2717 3.3348
-0.0409 -0.8302 -6.054 6.1108
-0.3284 -0.0602 -1.2676 1.3108
-0.9923 0.2347 -25.4601 25.4805
-0.3724 0.3042 -9.4411 9.4533
-0.3239 0.2236 -32.3828 32.3852
-0.6529 0.246 -62.452 62.4559
-0.2068 -1.1468 -1747.6802 1747.6806
-0.0033 -0.3926 -1.8734 1.9141
0.2324 -0.4704 -1.0734 1.1948
-0.3712 -0.0132 -4.772 4.7864
-0.3067 -0.0496 -0.1233 0.3342
-1.2071 -0.2333 0.0498 1.2305
-0.5061 1.2898 -1.8128 2.2817
-0.3411 0.6335 -1.0172 1.2459
0.3307 0.1644 -41.013 41.0146
-0.0949 -0.3126 0.3648 0.4897
0.3257 -0.219 0.0168 0.3929
-0.1623 -1.4221 -0.1576 1.44
0.0826 0.3925 -46.0121 46.0141
-0.0084 0.2041 0.0303 0.2065
-0.0509 -0.0576 1.9172 1.9187
0.2571 -0.2048 6.5557 6.5825
0.3052 0.0305 1.8701 1.8951
-0.2683 0.1682 2.2861 2.3079
-0.1842 -0.6429 5.706 5.7665
-0.232 -0.4191 3.3427 3.3769
-0.1989 -0.262 1.6816 1.7135
-0.2352 -0.6177 4.3197 4.37
-0.148 -0.3624 1.9581 1.9969
8.1474 6.7085 -20.2329 22.82
0.7309 0.6122 -1.7434 1.9871
0.3178 0.1525 -0.7176 0.7995
1.6129 1.0961 -4.2655 4.6902
1.3827 1.0268 -3.4619 3.8667
0.69 0.4301 -1.4935 1.7006
0.7131 0.4875 -1.5886 1.8083
1.6817 1.268 -4.3039 4.7916
4.0571 2.8364 -10.3585 11.4806
-0.3913 0.5779 -0.9812 1.2041
-0.1072 0.384 -1.8613 1.9035
0.0446 0.6586 -3.3049 3.3702
-1.1398 3.2629 -5.0762 6.1412
-0.1724 0.3791 -0.5639 0.701
-0.4115 -0.6277 0.5973 0.9592
-0.4007 -0.1234 0.2539 0.4902
-0.3623 0.0302 0.6157 0.7151
-0.0044 0.7531 1.8579 2.0047
0.0553 0.3097 0.6173 0.6929
1.7832 0.8161 7.0406 7.3256
-0.4656 -0.983 -36.9952 37.0114
-0.4603 -0.9576 -46.8807 46.8929
0.322 0.0154 -4.3784 4.3903
0.4323 0.0554 -4.1688 4.1915
0.3204 0.0332 25.5701 25.5721
0.9092 0.6169 16.4663 16.5029
0.3649 -0.1125 1.3484 1.4014
-0.3724 0.3835 15.1881 15.1975
-0.4718 -0.0218 7.7107 7.7251
-0.2937 0.0795 5.9247 5.9325
0.3319 -0.2505 1.2662 1.3328
0.3587 -0.1124 1.1296 1.1905
0.6925 -0.306 2.421 2.5366
0.609 -0.4132 2.3058 2.4204
-0.5432 0.4619 -0.518 0.8814
-1.676 -2.2852 -4.6166 5.417
-0.3502 -0.4764 -0.8505 1.0359
-0.9063 -1.1592 -2.609 2.9954
-4.3515 -5.1667 -11.6702 13.4843
-6.844 -11.1148 -14.1522 19.2532
-7.2821 -11.956 -15.148 20.6266
-0.2067 -0.7709 -0.7236 1.0774
-0.16 -0.6301 -0.6953 0.9519
-0.0919 -0.6638 -0.8965 1.1193
-0.1346 -0.3231 -1.0707 1.1265
0.184 -0.3653 -1.4283 1.4857
0.0518 -0.2975 -8.5717 8.577
-2.0398 -3.4579 -4.3541 5.9225
-0.6227 -1.0944 -1.4756 1.9398
