16.9237 -14.9227 -98.1967 100.7557
2.218 -2.7703 6.8115 7.6818
0.7301 -6.7403 7.5096 10.1293
-1.5438 -86.8471 91.3701 126.0687
-0.8282 0.0695 14802.8013 14802.8014
-0.8367 -0.0363 8.0824 8.1406
-0.0852 0.3125 5.4234 5.4348
-0.1274 -0.5495 339.5439 339.5444
6.5564 -18.2452 22.7623 29.9039
0.3547 -2.0374 3.128 3.7525
0.7112 -8.8873 14.7144 17.2053
24.671 -245.9985 407.3048 476.4674
39.2185 -390.049 644.7466 754.5693
0.5198 -1.3334 1.6391 2.4798
0.6814 -1.1727 0.4145 1.7013
-0.2953 0.1087 -0.0329 0.3458
0.9053 -2.4976 -0.5995 2.727
0.2392 -0.4157 0.1062 0.5107
0.5897 -1.2494 -0.2238 1.4066
1.8835 -1.8221 -4.599 5.2951
0.9754 -0.5091 -1.5711 1.9231
0.4554 -0.5606 -1.2762 1.473
0.5654 0.1222 -3.7708 3.9747
0.9292 -0.4263 -5.4419 5.616
0.4307 -1.2114 -7.4906 7.6015
1.3541 -0.5963 -8.5692 8.6971
5.5554 -4.3584 -37.7903 38.4446
5.2588 -5.6509 -40.5312 41.2768
9.0456 -7.6417 -63.764 64.8638
2.1066 1.0881 41.7394 41.8216
0.8797 0.4533 5.7603 5.8464
0.0718 -0.3749 3.247 3.2724
-0.1087 -1.4945 26.4852 26.5321
-0.0884 -0.6855 7.1226 7.1574
-0.023 -2.8306 40.662 40.7607
-0.3621 -1.2768 12.1598 12.2329
-0.1256 -0.4859 0.8726 1.0163
0.14 -0.2659 1.1051 1.1537
0.7151 -5.1733 7.9238 9.4911
5.9643 -56.2718 92.0903 108.0867
9.8035 -73.6227 119.1772 140.4297
10.091 -89.4626 144.8382 170.5414
1.0181 -10.2458 15.566 18.6637
0.6211 -3.8881 5.8956 7.0909
-0.0042 -0.539 0.6808 0.8796
-0.9204 -4.3949 4.5832 6.4845
-0.146 -1.7949 1.4934 2.5211
0.283 -2.6506 -1.5411 3.0823
0.2959 -1.7616 1.4526 2.4867
0.0572 -0.9545 1.4317 1.9607
6.0055 -15.3788 27.1569 31.7819
2.549 -6.6492 10.9615 13.0723
3.1626 -2.9204 -19.1255 19.6045
11.2439 -8.6523 -65.691 67.2058
8.994 -7.5054 -51.5339 52.8487
13.6814 -10.7011 -78.383 80.2859
5.6876 -4.4196 -32.218 33.017
4.3321 -3.4614 -26.3155 26.8938
15.4298 -11.4894 -84.6832 86.841
1.326 -1.3684 -13.28 13.4489
1.3806 -0.2083 -9.9494 10.0906
-0.0459 -0.367 -2.0788 2.116
0.9177 0.0604 -4.8545 4.9428
0.3821 0.2279 -59.5834 59.5871
2.3506 -0.4545 -356.9258 356.9338
2.223 -0.2148 -411.7385 411.7446
1.0995 -0.1923 -167.8506 167.8544
0.335 -0.1471 -109.0731 109.0738
0.0159 -0.4979 -2383.8932 2383.8933
0.3914 -0.1273 -4530.0557 4530.0558
0.7613 -1.4778 -26359.0789 26359.079
-52.4059 88.7711 -199.46 224.5239
-1.4112 2.6624 -5.9835 6.7009
-4.0227 6.573 -14.7127 16.6093
-27.4223 43.1243 -97.4779 110.062
-80.6931 129.281 -291.1199 328.5967
-5.2824 8.5459 -18.8189 21.3332
-7.5645 11.8338 -27.082 30.5076
-12.2089 20.518 -44.9703 50.9156
-29.2601 47.3936 -107.6596 121.2143
-25.2058 40.8945 -92.8825 104.57
-4.1948 6.3327 -14.8908 16.717
-15.8369 25.3138 -59.3321 66.4288
-0.5195 0.9324 -1.6947 2.0077
-4.0793 7.7225 -16.1523 18.3628
-1.6919 3.0929 -8.1938 8.9693
-2.2277 4.6029 -9.8021 11.0956
1.1471 -0.2067 -2.6692 2.916
0.5255 -0.0485 -0.877 1.033
0.3456 -0.7401 -1.9177 2.2858
0.8657 0.0615 -0.3541 1.5207
1.068 0.1527 0.4323 1.1706
2.4898 -0.4875 2.2852 3.6158
1.2836 -0.2601 1.0874 1.9437
0.3502 0.1112 0.2727 0.4784
5.7567 0.7307 3.6611 6.9254
1.1332 0.6256 0.9442 1.6083
1.01 0.2266 0.7482 1.2848
52.1755 14.1782 39.2291 66.8001
44.5871 11.6092 33.0146 56.6813
17.1663 5.223 12.8563 22.0741
122.2417 33.2335 90.2504 155.5399
19.6523 6.2518 14.8261 25.4165
16.7417 4.9382 12.572 21.5316
0.5407 0.3149 0.1057 0.6498
4.0636 -4.7892 9.0405 11.0091
4.5334 -4.7092 8.4401 10.6763
0.6738 -6.9184 8.3099 10.8453
-0.9059 -36.2709 38.2951 52.7535
0.4579 -1.4332 3632.6807 3632.6811
-0.8078 -0.2155 13758.7026 13758.7026
-0.5079 -0.0367 14.305 14.3147
-0.3309 -0.0226 2.3162 2.344
-0.2403 -0.2186 7.6713 7.6795
0.6227 -0.0157 64.6116 64.6214
0.1037 0.4828 81.3401 81.3493
-0.3137 0.2864 117.3874 117.3892
0.2278 0.4309 105.6836 105.6848
1.2445 -3.3842 4.7585 5.972
0.1143 -0.3856 1.3784 1.4427
1.3539 -2.0998 -2.9791 3.8906
-0.1487 -1.2931 -1.4688 2.0247
0.2028 0.3491 -1.0216 1.1073
0.081 -0.7386 -3.1829 3.3056
1.4248 -1.5533 -11.1413 11.3398
1.6554 -2.1285 -14.9525 15.1944
0.9909 -0.5458 -5.8189 5.9295
0.4761 -1.118 -8.6118 8.6983
4.0355 -3.9338 -33.4222 33.8943
3.8114 -3.8526 -33.3447 33.7825
0.6093 -0.6798 -7.2037 7.2627
3.5604 -2.7237 -22.1027 22.5531
1.138 6.0114 168.6789 168.7899
1.3355 4.8584 162.3633 162.4415
0.5658 2.703 72.7038 72.7563
0.2244 0.2558 14.0323 14.0372
0.5705 0.2538 16.392 16.4044
0.1664 -0.605 13.4822 13.506
-0.0883 -2.3822 31.2836 31.3746
0.2554 0.3278 2.1699 2.2647
0.1364 -0.9602 5.6797 5.7833
0.4167 -0.6462 2.465 2.5859
1.3114 -7.0926 9.5113 11.9377
0.3012 -2.4392 3.4451 4.2342
1.7252 -5.8166 7.5526 9.6887
1.9506 -18.8815 31.0461 36.3926
5.1423 -50.7837 84.662 98.8591
4.6952 -45.2408 74.9273 87.6522
0.5284 -8.3654 13.7553 16.1086
-1.3672 -8.0008 12.2796 14.7497
-0.0955 -4.5825 5.7098 7.382
-0.0318 -2.4978 3.5879 4.374
-0.2853 -1.1606 0.8026 1.4464
0.7656 -2.2991 3.15 3.9767
0.7752 -2.3627 4.2614 4.9585
1.5743 -3.2356 6.1282 7.1079
34.6656 -26.3214 -194.6833 199.4897
27.0149 -20.8117 -155.8654 159.5531
1.6971 -1.201 -9.1684 9.4022
6.0554 -4.6704 -34.9952 35.8213
4.791 -3.733 -30.6985 31.2938
0.9299 -0.3359 -4.2023 4.3193
-0.0519 0.3448 -2.6339 2.6606
0.2194 -0.3498 -2.2162 2.2587
0.5942 -0.4344 -6.0552 6.1013
0.8632 -0.131 -50.0527 50.0605
0.4635 0.6195 -39.7997 39.8074
0.5843 -0.1571 -57.5567 57.5621
0.4857 -0.1354 -76.3558 76.3576
2.8766 -0.1649 -327.7461 327.7602
3.3148 -1.1787 -508.6249 508.637
1.9488 0.3124 -318.0764 318.084
0.5164 -0.2065 -84.2507 84.2527
-0.0661 0.3873 -494.7599 494.7601
0.336 -0.2217 -390.8008 390.801
-167.4501 280.6962 -635.5711 714.6891
-70.2434 117.7959 -265.5599 298.8847
-8.7284 14.993 -33.7805 37.9753
-60.0599 100.6071 -226.2567 254.7962
-39.2806 66.1001 -147.6372 166.4601
-10.9129 18.7704 -42.1477 47.4117
-38.7145 61.2333 -138.6548 156.4402
-9.7402 15.3001 -34.3379 38.8339
-13.8956 22.1 -50.2475 56.6245
-38.1546 63.3253 -144.7923 162.5779
-12.8483 21.9178 -48.8352 55.0488
-0.578 1.5704 -3.1972 3.6114
0.0932 0.3272 -0.362 0.5161
0.3816 -1.055 -1.2617 1.9315
0.8534 -0.4028 -0.6051 1.4627
0.4629 0.0228 0.3288 1.098
1.9442 0.935 1.5431 2.6561
1.0059 0.3933 0.537 1.2143
5.9074 1.4686 4.1822 7.445
1.8964 0.351 1.5881 2.5023
40.6986 11.8109 29.6051 51.6949
51.0339 13.7161 37.5944 64.8533
30.4636 8.594 22.5488 38.8634
2.3064 0.7408 2.1938 3.2712
0.967 0.4515 1.712 2.0222
0.2982 0.6338 13.5888 13.6159
0.6319 -1.6759 2.2029 2.8825
-0.014 -0.3696 0.3919 0.7335
2.1587 -4.1295 6.6 8.0945
15.1364 -11.4801 -85.1648 87.2593
0.7169 -0.4683 0.2262 1.0159
1.7388 -0.1073 25.1372 25.2024
-0.4174 -0.338 6.8601 6.8811
-0.949 -0.3696 8.0687 8.1327
-0.4945 -0.2846 4.9648 4.9975
0.2297 -0.4206 121.6995 121.7005
0.3524 -1.4056 1.3877 2.0064
0.4041 -3.1056 4.079 5.1427
0.6422 -4.3546 7.1889 8.4306
0.9067 -9.3051 15.4624 18.0697
0.4997 -3.8493 6.608 7.665
0.2789 -1.772 2.7293 3.269
0.3782 -3.8835 6.4551 7.5428
13.8338 -141.0827 232.9578 272.6996
0.5022 -6.0265 10.0841 11.7584
1.0726 -11.4452 18.8909 22.1136
0.1583 -0.8413 -0.5512 1.0277
0.4187 -0.4234 -0.4231 0.7437
2.2454 -1.2207 -2.2877 3.4301
0.8387 -0.4721 -0.755 1.2232
0.3293 -0.2458 -0.6407 0.7612
1.7521 -1.7159 -3.8907 4.5991
0.1573 -0.6928 -0.4991 0.8794
0.2707 -0.3511 -0.0416 0.4667
0.0732 -0.3376 -0.6162 0.7065
0.2598 -0.2999 -2.3953 2.4279
0.9694 -0.765 -7.1548 7.2606
1.2494 -0.7372 -7.335 7.4784
0.4588 -0.6881 -5.0322 5.1017
0.3835 -0.2916 -2.6116 2.6557
6.3424 -5.466 -44.1087 44.8964
0.2247 -0.2677 -1.764 1.7983
1.2313 5.9064 171.5959 171.7055
0.0209 0.486 13.3878 13.3966
-0.2283 -1.6857 22.8097 22.8734
0.0649 -0.3169 0.5492 0.6525
0.0482 -0.3845 2.2384 2.276
0.0443 -0.8031 1.223 1.4638
0.7082 -6.4736 9.6185 11.6158
-0.0277 -0.3934 0.4701 0.6293
0.0895 -0.4678 0.9434 1.066
7.3577 -77.0765 127.2519 148.9571
5.3713 -58.156 96.0572 112.4198
-0.1175 -0.3107 -0.1133 0.351
-0.3505 -0.6821 -0.0714 0.7702
0.4041 -0.7213 -0.0616 0.8291
-0.1369 -1.038 0.8553 1.3592
-0.0604 -0.3234 0.3154 0.4767
1.4398 -5.7866 8.4396 10.3337
0.2902 -0.9694 1.4825 1.795
9.1588 -7.2449 -51.1171 52.4342
8.7504 -6.5123 -49.0814 50.2791
2.429 -1.698 -12.0632 12.4219
1.9818 -1.2442 -9.3941 9.6812
0.3406 -0.1129 -2.0758 2.1112
0.7561 -0.3706 -4.6784 4.7536
1.6682 -0.7495 -363.3581 363.3627
-15.5863 26.0238 -59.2194 66.5365
-28.9975 48.7303 -110.506 124.2058
-5.7769 9.9347 -21.9749 24.799
-10.7036 17.6698 -40.1276 45.1335
-8.6444 13.9163 -31.5122 35.5163
-2.6789 4.1746 -9.5723 10.7811
0.0534 0.4061 -1.9064 1.9549
1.5055 0.4149 0.7136 2.0476
0.4856 0.4986 0.7921 1.0545
5.5058 1.589 4.1276 7.0623
3.3298 1.0695 2.4999 4.2989
30.3662 8.581 22.2986 38.639
9.8793 2.5816 7.0505 12.4095
9.6319 2.5722 7.1879 12.2913
0.6438 0.1676 0.2794 0.7215
1.1607 0.3839 0.3387 1.2686
0.2074 -0.3757 0.201 0.4738
2.473 0.6693 2.2356 3.4002
0.884 -0.2243 2.4986 2.6599
-0.0464 -4.8382 5.0851 7.0192
0.0908 -6.6067 6.992 9.62
-0.3899 0.4005 9080.9066 9080.9066
-0.3326 0.1136 102.6234 102.624
0.1636 -1.0267 1.3567 1.7093
0.9809 -4.4701 6.1368 7.6554
0.2246 -0.5789 0.235 0.664
-0.4007 0.0039 -0.6459 0.7601
0.5519 -1.4621 -8.4782 8.621
0.8812 -0.495 -6.1645 6.2468
0.5687 0.7297 18.1242 18.1478
0.2269 0.3153 9.4994 9.5074
-0.2581 0.4972 4.5175 4.5521
-0.3193 -0.4122 6.0491 6.0716
0.2698 -0.506 0.8358 1.0136
0.3137 -0.4872 1.1464 1.2846
0.1772 -0.4017 0.6765 0.8065
0.0463 -1.0478 1.5208 1.8474
0.145 -1.6316 2.6535 3.1184
0.0561 -0.3129 0.6266 0.7026
0.1025 -0.9338 1.4073 1.6921
3.7366 -31.3479 51.2077 60.1572
3.5045 -30.5122 49.856 58.5568
-0.026 -0.4106 0.6142 0.7393
-0.2233 -0.3328 -0.0792 0.4085
-0.5446 -1.1202 -0.4157 1.3131
-56.1711 90.1486 -203.3565 229.425
-22.7258 36.5536 -82.2455 92.8275
-28.7126 45.397 -102.9122 116.0872
-53.0846 84.2646 -190.7101 215.1484
-86.2155 139.0114 -313.049 353.2096
-15.6621 25.1452 -56.6766 63.9518
-5.4291 9.3015 -21.092 23.6827
-1.0952 1.9099 -4.1844 4.7283
0.9118 0.2585 1.1309 1.4755
0.8009 0.1677 0.8112 1.1522
38.963 10.4678 28.9931 49.6819
14.5255 3.8178 10.7803 18.4873
2.2822 0.6731 1.7354 2.9451
4.4259 1.3537 3.1524 5.5999
1.678 0.4126 1.153 2.0774
1.2392 0.2374 0.9586 1.5846
1.4321 0.3089 0.8614 1.6996
0.2922 0.1271 0.1873 0.3696
0.0666 -0.3058 0.4163 0.5209
0.0291 -0.4418 0.699 0.8275
0.1132 -1.35 2.0033 2.4184
0.1775 -0.8988 1.3571 1.6374
0.063 -0.5905 1.0614 1.2163
0.2693 -0.6809 -0.8605 1.1299
0.2483 -0.6056 -0.5803 0.8747
0.3657 -0.0237 -0.3621 0.5152
0.4587 -0.1935 -2.2063 2.2618
0.0648 -0.2998 5.6051 5.6135
-0.2169 -0.5451 0.6563 0.8803
0.3218 -1.346 1.6983 2.1909
2.2529 -19.0946 31.1671 36.6206
0.7554 -7.3975 12.2379 14.32
1.8303 -16.8473 27.5603 32.3535
1.0857 -9.4729 15.3923 18.1063
0.7606 -6.1698 10.2172 11.9598
0.086 -1.5874 1.1962 1.9944
-0.2045 -0.514 0.1448 0.5886
14.0037 -10.7245 -78.3564 80.3172
4.1616 -3.2369 -23.7064 24.2856
-8.6145 14.4074 -32.4659 36.5489
-13.6527 22.975 -52.025 58.4881
22.966 6.629 17.3092 29.5129
19.4904 5.1096 14.5181 24.8351
5.4565 1.772 4.1038 7.0537
0.3293 -0.0183 -2.306 2.3295
0.4376 0.0145 -3.2111 3.2408
2132.17642588
